%YAML:1.0
depth_p.cx:256.684
depth_p.cy:207.085
depth_p.fx:366.193
depth_p.fy:366.193
depth_p.k1:0.0893804
depth_p.k2:-0.272566
depth_p.k3:0.0958438
depth_p.p1:0
depth_p.p2:0
rgb_p.cx:959.5
rgb_p.cy:539.5
rgb_p.fx:1081.37
rgb_p.fy:1081.37
rgb_p.mx_x0y0:0.137082
rgb_p.mx_x0y1:0.00252753
rgb_p.mx_x0y2:-1.23812e-005
rgb_p.mx_x0y3:1.84079e-005
rgb_p.mx_x1y0:0.633835
rgb_p.mx_x1y1:0.000352006
rgb_p.mx_x1y2:0.000456852
rgb_p.mx_x2y0:-8.48728e-005
rgb_p.mx_x2y1:4.2612e-005
rgb_p.mx_x3y0:0.000549695
rgb_p.my_x0y0:0.0587319
rgb_p.my_x0y1:0.633596
rgb_p.my_x0y2:0.000207549
rgb_p.my_x0y3:0.000866004
rgb_p.my_x1y0:-0.00224316
rgb_p.my_x1y1:2.99789e-005
rgb_p.my_x1y2:3.23921e-005
rgb_p.my_x2y0:-0.000114432
rgb_p.my_x2y1:0.000498586
rgb_p.my_x3y0:-1.15959e-005
rgb_p.shift_d:863
rgb_p.shift_m:52
